289
888 5 2 669 1
215 3 0 781 1
354 3 0 831 0
534 9 2 212 2
354 10 3 23 5
271 5 4 656 1
602 9 3 709 3
453 8 1 308 2
801 1 5 436 3
888 6 2 973 3
453 2 5 900 2
124 1 2 752 4
138 3 4 205 2
5 9 3 355 0
435 4 3 379 3
888 10 3 236 4
139 5 3 726 2
62 6 2 265 5
453 1 3 260 4
888 1 2 12 4
357 4 3 761 2
888 2 3 398 0
888 9 4 559 0
252 3 4 645 1
45 9 2 60 4
134 9 5 314 1
534 9 4 39 4
390 9 0 526 4
435 2 3 410 3
888 4 3 512 4
534 10 3 723 0
18 9 5 612 1
9 2 0 323 4
13 4 2 959 5
11 1 2 745 0
693 5 4 381 2
534 5 5 470 3
453 2 3 629 4
334 10 1 815 1
357 6 3 188 4
354 1 5 234 5
730 4 3 652 4
368 7 0 179 4
466 5 0 985 2
345 10 5 456 4
345 1 4 246 3
345 10 2 457 2
888 7 2 291 1
12 5 4 582 0
354 1 3 302 2
453 2 2 266 3
453 7 4 899 5
354 2 3 250 5
467 6 4 357 4
345 7 1 639 0
287 4 4 888 5
637 9 4 367 3
14 3 4 393 3
863 10 5 109 3
1 4 3 54 2
435 10 4 592 1
16 9 3 701 1
888 9 0 284 5
453 9 1 7 4
888 8 1 84 0
345 3 4 725 2
888 5 3 49 5
435 4 3 762 0
414 5 2 415 1
598 9 5 374 2
498 1 1 945 4
18 6 3 371 2
888 3 0 437 5
308 7 4 517 5
888 6 4 938 2
14 10 3 153 5
251 5 4 528 2
888 3 4 979 4
888 5 1 829 3
345 1 2 524 1
6 2 1 669 0
840 4 1 140 0
534 8 3 981 5
345 2 1 257 3
698 3 5 713 1
4 7 5 232 3
836 2 1 326 4
888 9 3 401 5
8 5 0 556 4
543 3 3 798 4
95 6 5 32 5
6 1 2 729 5
185 8 4 914 1
435 5 3 751 1
61 4 1 627 1
920 3 0 423 2
128 4 5 50 4
534 8 0 924 0
354 6 0 247 2
4 3 5 711 3
543 5 1 617 5
11 6 0 297 3
888 8 2 258 1
485 7 5 121 4
11 2 1 526 2
888 4 1 699 2
543 1 1 327 3
888 8 2 695 5
888 5 3 916 3
888 4 2 513 1
5 5 5 474 0
354 10 5 234 0
929 7 1 610 5
435 10 4 167 2
2 2 0 24 2
530 10 1 851 4
345 2 2 570 2
12 3 0 985 2
853 8 4 13 4
917 6 0 416 5
696 8 2 375 5
980 9 2 185 0
534 2 2 260 1
64 4 2 761 3
783 7 3 852 4
453 4 2 751 0
17 5 4 694 3
359 1 0 112 5
669 10 4 189 5
914 6 2 194 1
668 4 0 568 1
310 7 1 6 0
16 6 1 2 1
453 7 4 374 5
79 4 1 251 4
354 1 5 125 2
888 7 0 238 0
401 7 4 251 2
7 9 1 290 3
888 10 2 241 0
345 10 0 368 4
1 7 1 927 1
888 3 1 827 0
543 8 4 830 3
6 4 1 342 4
783 5 2 757 2
13 8 3 446 2
543 1 0 695 5
534 4 5 892 2
435 8 1 501 2
51 6 4 601 0
9 4 2 652 5
888 1 2 603 3
10 1 3 775 4
345 5 1 254 5
323 4 2 136 4
819 10 4 387 4
13 1 4 577 0
663 3 5 255 2
453 7 4 995 0
16 3 0 100 5
16 8 1 430 1
973 4 2 254 3
14 5 2 877 2
25 7 0 489 1
888 8 3 461 3
888 3 4 997 5
417 4 1 727 1
888 4 0 389 1
131 1 3 257 3
4 1 3 99 3
888 1 3 540 1
13 2 2 185 2
888 6 0 694 2
112 4 4 674 3
22 9 2 765 0
489 2 0 775 3
354 1 0 731 4
543 6 1 436 2
661 7 3 622 0
682 6 0 512 4
822 5 0 784 4
941 10 5 161 5
888 4 1 33 3
435 3 4 820 2
13 6 2 318 1
979 1 2 698 2
453 5 3 134 2
813 1 0 501 2
19 8 4 978 2
1 1 4 45 3
595 5 5 88 2
888 9 3 110 2
354 4 3 703 0
888 1 3 738 3
888 7 5 279 0
534 4 5 640 4
888 1 3 40 2
453 9 2 135 3
888 3 1 272 5
602 8 2 569 3
888 7 3 761 1
435 5 3 604 1
898 5 5 607 4
888 8 1 346 3
271 8 2 489 4
953 4 1 764 3
435 1 5 235 2
275 5 5 94 1
16 10 5 856 5
345 4 3 350 5
888 1 3 405 1
888 9 3 994 3
534 7 3 715 2
67 6 5 471 5
298 4 5 229 4
632 3 1 722 3
534 4 4 492 5
183 10 4 578 2
888 3 5 353 2
888 6 4 187 1
354 7 3 488 5
458 1 4 32 5
1 9 1 98 2
727 6 5 814 0
529 8 0 463 4
888 8 3 15 0
729 5 3 15 4
888 2 1 84 0
410 4 1 653 3
752 1 5 242 1
888 9 2 221 1
888 5 1 385 0
558 10 2 356 2
297 3 4 929 1
888 2 5 845 0
39 8 0 838 3
421 5 0 129 0
72 3 0 258 2
888 7 4 157 2
906 10 4 313 4
35 1 3 633 2
4 8 3 523 3
159 9 3 935 3
354 8 4 615 4
888 10 5 419 1
966 2 5 640 0
846 10 3 997 1
534 3 4 4 1
13 5 1 46 1
14 7 0 445 1
543 7 3 943 1
283 4 3 736 0
543 1 0 874 1
888 3 2 518 3
14 1 2 322 1
927 7 0 449 5
888 3 1 603 5
329 8 4 323 0
834 8 2 743 4
906 1 4 193 4
685 6 4 425 1
872 3 5 152 0
584 5 0 247 3
435 9 5 82 0
175 8 1 31 2
888 6 1 996 0
543 9 0 561 3
65 4 0 897 3
18 3 1 548 5
122 9 0 332 2
928 3 5 765 0
543 7 3 492 0
518 4 3 986 2
756 4 3 154 5
6 9 2 426 2
888 7 1 450 3
53 9 3 807 4
233 8 0 88 3
888 7 1 300 5
453 3 5 276 0
15 10 1 111 3
374 10 3 762 5
19 7 3 742 5
888 3 0 791 5
354 8 2 19 5
37 5 1 412 1
19 2 5 114 5
888 7 5 581 3